   10239   10195   10152   10146   10095   10032   10019   10082   10171   10383   10410   10334   10193   10161   10170   10199
   10217   10173   10132   10124   10074   10005    9972   10000   10081   10231   10326   10289   10182   10378   10367   10381
   10173   10135   10120   10112   10060    9969    9908    9918    9967    9986   10085   10136   10152   10514   10749   10727
   10139   10093   10075   10048    9953    9846    9826    9840    9898    9969   10007   10085   10110   10471   10792   10780
   10114   10063   10026    9988    9877    9705    9709    9750    9819    9937   10005   10052   10089   10452   10745   10756
   10104   10040    9984    9919    9800    9621    9648    9698    9765    9836    9916    9980   10062   10457   10737   10716
   10077   10010    9934    9854    9729    9537    9555    9601    9695    9762    9835    9908   10016   10418   10740   10692
   10026    9947    9860    9753    9633    9463    9428    9451    9516    9686    9779    9870    9973   10363   10682   10682
   10042    9946    9853    9743    9539    9387    9375    9406    9443    9607    9737    9837    9932   10324   10644   10664
   10093    9993    9898    9785    9573    9302    9324    9377    9463    9600    9723    9822    9891   10285   10609   10650
   10133   10022    9922    9800    9535    9224    9254    9354    9447    9556    9675    9779    9857   10279   10598   10634
   10310   10062    9944    9817    9545    9154    9188    9292    9434    9517    9618    9735    9827   10244   10596   10619
   10394   10145   10025    9871    9594    9197    9232    9313    9441    9510    9590    9747    9984   10169   10504   10542
   10406   10211   10086    9935    9655    9252    9293    9350    9446    9503    9566    9708   10030   10257   10413   10465
   10446   10261   10106    9966    9701    9328    9390    9416    9468    9477    9522    9647    9981   10196   10345   10397
   10448   10307   10139   10013    9788    9432    9472    9478    9481    9455    9499    9609    9944   10137   10286   10341
   10443   10315   10181   10071    9860    9562    9573    9557    9514    9419    9458    9590    9924   10099   10221   10294
   10500   10395   10277   10191    9952    9651    9611    9565    9513    9431    9454    9602    9955   10114   10226   10300
   10539   10474   10388   10297   10087    9732    9661    9584    9506    9437    9467    9616    9995   10155   10249   10320
   10630   10587   10528   10131   10045    9791    9717    9659    9596    9571    9591    9741   10132   10194   10263   10308
   10641   10592   10563   10244    9982    9888    9821    9763    9724    9718    9738    9858   10255   10325   10300   10321
   10644   10544   10363   10341   10140   10064   10029    9975    9939    9955    9943   10036   10360   10438   10410   10374
   10688   10567   10314   10284   10292   10232   10228   10232   10211   10256   10170   10204   10485   10528   10507   10450
   10711   10606   10368   10342   10357   10385   10427   10462   10507   10613   10496   10423   10599   10623   10583   10530
   10580   10579   10404   10407   10433   10484   10547   10564   10621   10727   10643   10533   10695   10691   10648   10598
   10615   10422   10425   10451   10498   10563   10640   10670   10679   10785   10705   10620   10764   10752   10702   10658
